002223
001300
002418
000918
001662
000654
001186
001509
001541
000905
000350
001036
000810
000555
000691
001010
002384
000134
001528
001281
000006
001154
002060
000314
001008
000625
000638
001714
002469
002236
001614
002238
001463
001948
000793
001203
002048
002262
000271
002179
000441
002195
002468
001414
001128
001156
001770
002019
002211
000862
001330
001255
001790
001368
000897
001452
002031
001997
000345
002506
002366
002352
002033
002166
001470
000609
001992
001093
000946
001544
000642
001376
000160
001523
001401
001023
000080
001977
002158
001727
001312
000504
000246
000108
001425
002170
000263
000755
001630
001396
002193
001399
001764
000231
001151
001353
000835
001267
001833
001178
001733
001297
000307
002440
001857
000774
002109
001852
002164
002373
001581
000833
000582
002347
001721
000453
000253
000206
002357
002525
001185
000222
001623
000934
001161
001472
002316
002421
001348
000387
002221
000817
002046
000182
000658
002425
000138
000130
000634
001819
000703
001476
000784
000430
000082
000831
000921
001209
000199
002453
002132
000957
001575
001851
000893
000482
000937
001250
001181
001302
001447
001138
000800
002257
000708
002426
000034
002191
002467
000520
002541
002155
002188
000442
002030
000115
002377
001631
001532
001719
000606
000132
001316
001291
000993
001379
002267
001106
000024
001069
000536
001637
000878
000257
002355
000652
001352
002059
000323
000301
000603
001091
000009
002562
001049
002124
001775
000176
000126
001261
001693
002090
002035
000456
000073
002465
000920
000449
001462
002543
000869
000646
000503
001805
001087
000551
000494
001101
002065
002025
002308
002397
002548
002239
000480
000720
002463
001298
000069
001194
001735
001318
002171
001717
002417
001123
000268
001950
000662
000591
001837
000882
000180
000915
000714
001527
000764
002456
000258
000909
000876
002378
001930
001375
000906
000014
002288
001454
000849
000705
000886
002129
001484
002258
001554
000780
001453
002399
001195
001358
000756
000431
001265
002087
002156
000068
001783
002353
000965
001227
000113
000369
002112
000083
000085
001385
000728
002292
001469
002452
001957
001124
001214
001674
002371
001591
001449
002180
001314
001896
000267
000274
000120
000402
001929
000930
000589
002145
002555
000041
002429
000177
001617
001628
000722
001165
000313
000854
000052
000325
000101
002102
000637
001343
001248
001067
001753
001148
001927
001383
000076
001057
000008
000420
000889
001461
000712
002365
002517
001978
000902
000838
002252
000950
002368
002066
002343
000044
001898
001939
000818
002398
002058
000967
001015
000569
001539
000964
001762
002050
002569
000351
000357
001882
000228
000064
000895
002409
002502
000468
000032
000185
001333
000998
001510
001612
000144
000214
000819
000159
000121
000419
000558
001411
001459
002279
002470
001191
000012
000661
000978
001000
001402
000737
000619
000973
001563
001651
000435
001658
000347
000418
001122
000550
002315
000671
000235
001718
000259
002361
001804
002017
000651
001258
000865
001037
002431
000516
002224
000114
001224
000425
000364
000467
000122
002141
001488
000710
000021
000799
000341
001319
000804
001703
000771
000186
001763
002280
000783
000976
000955
002225
000663
000295
001712
001761
001891
002380
000033
000376
001707
000416
000863
000532
000567
000232
000644
000196
000019
001407
001005
000131
000735
001336
001231
000734
000150
002291
002162
002006
001413
001994
002526
000242
001600
000469
001559
000117
002026
000748
000687
000891
001945
001599
002202
002547
000843
000358
000602
001983
000633
001740
001907
001746
001292
001489
000656
001202
002216
002097
000462
000443
001483
002522
001109
001016
000260
000667
001288
000776
002000
001200
002394
001530
000390
001362
002552
000417
000022
000786
000047
002177
002192
001088
000751
002314
001377
001743
002282
000481
002508
000225
001162
000485
002234
000529
000135
001627
000880
002016
000100
001070
002079
000207
002091
001757
000811
002433
001655
001497
002106
001508
001471
000851
001046
000832
001021
001835
000506
002052
001182
001175
001958
001360
000035
000094
001773
001984
001105
002138
000293
001387
001139
000518
001825
000677
000887
000659
000812
000448
002209
000616
001635
002473
000005
000395
002181
000413
000970
000383
002116
001531
001222
000465
000971
000497
000399
001779
000730
000983
001820
001092
002094
000415
001410
000592
000986
002018
000617
000563
000954
001439
002103
001860
000604
001266
001490
000612
000820
002294
001609
001598
000802
002489
002408
001960
001445
001669
002088
000062
000243
002374
000868
001458
001062
002246
000836
000655
001676
001232
002376
000666
000815
002335
002287
001135
001392
000374
000389
000598
001147
000015
001477
000547
000522
000524
001759
002044
001560
000769
001702
000990
002205
001501
000272
001172
000102
000478
001675
001390
001624
000331
002450
002416
001920
001179
002561
000294
001649
000089
002432
001212
001273
000980
001998
001257
002423
001496
002110
002340
001823
001309
000054
001351
000940
000683
001275
000864
000356
000050
001145
000797
000717
000355
000039
000129
002457
001422
000552
000474
002318
001744
000537
002301
000778
001164
002243
000097
001642
002183
001174
001366
000531
002118
001969
001659
001864
002275
002319
002466
002336
002255
001706
001473
002386
001524
001213
001884
001196
000086
002342
002367
000565
001688
001903
002010
000848
000464
001817
000853
000444
000888
000894
002448
000146
000161
000628
002071
001170
001878
001536
001861
001519
001315
002027
001855
001063
002099
002521
000782
001919
000765
000297
000837
000204
000011
000324
001435
000359
000858
002104
001378
002477
000564
000935
001847
001776
002471
001009
002004
002494
000660
000624
000153
001264
002578
001326
000805
001858
000697
000103
001293
001026
002304
001580
002242
002362
002070
001126
000158
000270
001465
000479
000645
000513
000262
001328
001840
001393
001720
000979
001601
002511
001534
001001
000900
000179
000487
000680
002061
000162
001951
002147
000514
002146
001865
001774
002392
001787
000759
000584
002369
001241
001533
002184
001395
001863
001239
000217
000116
000975
001397
000381
002478
002157
002220
002333
001474
001595
000181
000699
001771
002263
001219
002504
000746
002264
001841
002076
001621
002395
000048
001503
002159
002382
001018
001786
002168
001012
001683
001685
001097
001033
001246
001603
000823
000732
000007
001732
001521
002441
002475
002284
001708
000219
001071
001938
000388
002496
000296
001441
000283
001827
002152
000914
000877
002420
002142
000229
001632
000632
002271
002196
001633
002334
000288
000194
002078
001711
002413
001268
001432
000988
001433
001557
001215
002165
000223
002136
000548
000999
002383
000233
002558
000166
000923
001144
001262
002350
000051
000463
000360
001991
001916
001370
000509
001813
001716
002237
002295
001887
000631
001400
001198
001697
000498
001207
001914
000803
001096
000437
002064
001888
000218
001886
000391
001456
001364
001755
000821
001242
000580
001607
002405
002346
001971
001665
001584
001549
001112
000842
000361
000766
000561
000861
000203
002172
000630
002163
002095
000496
000530
000850
000527
000028
002218
000744
000291
001590
001066
001751
001035
000404
001654
001856
000581
001208
000733
000277
001906
001686
001616
001403
000798
001673
001967
001406
001065
001384
001932
001077
000152
002449
002140
001806
002427
001206
000167
002277
000455
001074
000432
001961
000410
001279
001361
002385
001107
001363
000829
002226
001434
001680
001485
000871
000396
000901
001371
002123
001436
000208
001482
002325
000761
000320
001493
000611
001794
001308
001394
001742
000306
002303
002212
000124
000265
000927
000573
000512
002577
001565
001228
001728
002351
002043
001875
000287
000648
000164
002320
001870
002359
002332
001103
002509
000454
001792
000636
001905
001901
001451
000867
001475
000483
000643
001872
000197
001660
002507
002176
000985
002313
001553
000211
000824
000885
002208
000414
001925
001535
000340
000538
001502
000767
000091
001596
001221
000429
000238
002323
000394
000913
002574
002414
001039
001604
001749
002531
001830
001577
000773
001709
002455
002530
000577
002299
001256
000828
001048
001271
001807
000917
001567
001964
000302
001854
002134
000549
001679
002259
001931
000016
001058
000106
000757
000477
000215
002182
001029
001127
002096
000254
000256
001664
001987
001899
001942
000618
001505
000695
000423
001551
002283
000621
000458
000249
000495
001845
002113
002422
000966
000403
001059
001349
002214
001936
002293
002328
001767
001075
002153
001928
002430
000447
001028
000939
000335
002560
000304
000881
000571
001347
001143
000380
000845
001608
000401
000910
002032
001236
002077
001974
002015
000460
001491
000303
001988
001729
001540
001522
001576
002285
002557
001980
002057
001894
001442
001511
001389
002390
001171
000491
001713
001024
000310
002400
000682
002341
001972
001022
001750
001440
001745
001803
002281
001934
001419
002137
000675
002231
002358
002492
000145
001184
000300
001391
000438
001681
001815
000685
001199
002481
001429
002327
002247
002337
002126
000870
000230
000248
002204
002198
001027
002040
001694
000834
001684
000600
001098
001731
000236
002197
001155
000578
000535
001785
000384
001011
001140
001238
000170
001237
000299
002047
001003
000405
002125
000289
000763
001973
002215
001587
002051
000017
000830
002307
002081
001030
002022
000149
000337
001698
000583
002130
001897
001285
000190
001592
000725
000018
002085
000392
001619
001754
002005
001230
000700
001975
001424
001136
001047
002289
001079
000546
000896
000545
001839
001076
001177
000363
000787
000981
001323
000792
001867
000822
001895
000510
000173
000684
002135
000777
000002
002570
000932
002331
000987
000111
000933
000996
000093
000839
001996
001986
000925
001545
002391
002086
000276
001142
002049
002510
001153
002249
001526
001979
001025
001034
002219
000377
001862
002008
000385
000523
001778
000690
001131
000202
002451
001084
002296
001552
002042
000738
002518
002174
001443
001885
001083
002021
002330
001331
000941
002309
001081
001935
001344
001020
001772
002233
001615
001321
002290
000974
001252
001832
001610
001605
000470
000505
001954
000847
000997
000575
002067
002476
001253
001423
001752
001769
002567
001670
001006
000879
001849
000615
000155
002199
002187
001904
002074
002354
002564
002144
000788
000534
000635
001791
000439
001259
001797
000187
000308
000679
002120
001625
000796
000070
000096
001487
001853
000750
002173
002143
002072
000305
001450
002083
001133
002356
001356
000421
000543
002381
001104
002329
001723
001989
001876
001201
001968
000043
000040
002266
001561
001900
000322
001274
002551
000952
001766
001437
000704
001386
000647
000143
000716
002364
002542
001160
000729
002232
000370
002186
000365
001768
000081
001334
000373
001102
001556
001550
000936
000962
001705
001824
002007
000336
000375
001017
001569
002098
000501
001784
001965
000227
000779
000036
000743
000318
001734
002286
002230
001846
000457
000719
002370
001652
001404
000119
002189
002012
002396
000972
002445
000311
001211
001283
000279
001329
001290
001946
001917
001666
000742
000874
001570
000924
002245
000234
000067
002345
000172
002069
000123
001869
000846
001947
002495
000593
000013
002402
001418
000147
000252
002068
001850
001677
001795
000195
002322
001909
000827
002387
001204
002014
000963
001100
001163
001078
001055
000245
001690
000610
001254
001372
001834
000898
002461
001146
001568
001357
000451
001638
000929
000407
000696
000539
001826
001289
000038
001578
001117
001818
001467
001993
001050
000994
001388
000193
002576
001287
001095
002023
000157
001223
002474
000770
002573
001573
001099
001218
001311
000104
002133
001663
000165
000264
000409
000461
000620
002169
001622
001811
002379
002201
001724
001691
000133
001129
000673
000775
000960
001007
000489
000037
001350
002438
002039
002028
000184
000492
001726
000280
000736
000209
000023
000328
001108
002213
000275
001737
001251
001190
000025
001962
002054
001426
001871
001345
002108
001115
000486
001657
002436
000726
000542
002298
000649
001890
002024
000795
000908
002265
002498
000590
002344
001516
000588
002268
002128
002107
001738
000250
001836
000251
000200
001802
001335
000216
001923
002111
001722
002148
000502
001119
002121
000316
000814
000327
000475
001715
001647
000174
000286
000916
001880
000440
002003
002228
000452
002034
001571
000210
001002
001881
001512
002013
000398
001810
001730
001340
001159
001866
000562
001910
000427
002443
001838
001908
000107
001656
000010
001699
000912
001955
001963
002276
002565
000371
000745
001468
000490
000118
000801
000614
000873
002393
000852
001902
000668
002439
000809
000911
000969
001793
001682
000694
000278
001588
001672
000003
001747
002217
000968
000450
001263
000428
000240
001710
000378
000557
000484
000446
002254
002227
002499
000689
001494
000057
001014
002401
001243
000379
001574
000758
001169
000422
001777
000281
000992
002404
001284
000989
002274
000605
002229
001913
000239
001944
000333
001611
000436
002100
001520
000136
001457
002512
001180
001985
000393
001244
001053
000554
002206
001725
001479
001924
001189
000947
001515
001339
000065
002458
001299
001444
000857
000904
001317
001217
000473
000956
001667
000594
000587
000961
001933
001741
001821
001187
000112
000055
002270
000137
001320
000899
001301
002250
001307
001464
000859
001310
000338
002575
000596
002424
000807
001141
002056
002037
002403
000078
002073
000046
002131
001277
001648
000169
002160
001555
000128
000806
000855
000607
002497
000042
001671
000731
001412
000540
002278
001341
001381
000664
002194
000789
000768
002178
000099
001953
001602
001809
002080
000332
002154
000559
000060
001149
002200
001941
000841
002261
001072
001848
001912
002419
001270
000629
001183
000749
001120
000237
002127
001295
000049
000517
000317
002185
001269
001130
000709
000740
002253
001192
000544
002446
001943
001661
001427
000515
000191
001959
000872
002115
001788
002536
001478
002572
000079
000151
000586
000139
000212
000754
001137
000890
002505
002151
000408
000572
000639
001332
000344
000241
000693
001193
002256
002297
000411
001782
000386
000943
000739
001278
001995
001640
000959
000343
000472
000183
000907
000903
000718
000476
001911
000353
002317
001276
001589
001216
001420
001294
001572
000794
002084
001398
000141
001844
002020
000707
000397
002002
001132
000326
000226
001781
001272
002537
001883
000127
001828
001798
001054
001645
000142
001926
002312
000205
000342
002447
000424